10110111
00000010
00000001
00010000
10010011
10000010
00000010
00000000
00000011
10100011
00000010
00000000
10110111
00000010
00000001
00010000
10010011
10000010
01000010
00000000
10000011
10100011
00000010
00000000
10110111
00000010
00000001
00010000
10010011
10000010
10000010
00000000
00000011
10101110
00000010
00000000
10110011
00001110
00000000
00000000
01100011
01010110
00000011
00000000
00110011
00001111
01100000
01000000
01101111
00000000
10000000
00000000
00110011
00001111
01100000
00000000
01100011
11010110
00000011
00000000
10110011
00001111
01110000
01000000
01101111
00000000
10000000
00000000
10110011
00001111
01110000
00000000
01100011
00001000
00001111
00000000
10110011
10001110
11111110
00000001
00010011
00001111
11111111
11111111
01101111
11110000
01011111
11111111
10110011
01000010
01110011
00000000
01100011
11010100
00000010
00000000
10110011
00001110
11010000
01000001
10110011
10001110
11001110
00000001
10110111
00000010
00000001
00010000
10010011
10000010
11000010
00000000
00100011
10100000
11010010
00000001
